0.01 298.6499999999542
0.011 270.4499999999478
0.012 248.3999999999428
0.013000000000000001 229.5499999999385
0.014000000000000002 213.74999999993491
0.015000000000000003 198.19999999993138
0.016000000000000004 185.64999999992853
0.017000000000000005 176.04999999992634
0.018000000000000006 163.74999999992355
0.019000000000000006 157.29999999992208
0.020000000000000007 147.99999999991996
0.021000000000000008 141.64999999991852
0.02200000000000001 135.3499999999171
0.02300000000000001 129.09999999991567
0.02400000000000001 122.89999999991572
0.025000000000000012 119.59999999991591
0.026000000000000013 113.49999999991626
0.027000000000000014 110.24999999991644
0.028000000000000014 106.94999999991663
0.029000000000000015 100.99999999991697
0.030000000000000016 97.84999999991715
0.031000000000000017 94.69999999991732
0.032000000000000015 91.5499999999175
0.033000000000000015 88.44999999991768
0.034000000000000016 88.0999999999177
0.03500000000000002 85.09999999991787
0.03600000000000002 82.09999999991804
0.03700000000000002 79.04999999991821
0.03800000000000002 78.74999999991823
0.03900000000000002 75.7999999999184
0.04000000000000002 72.79999999991857
0.04100000000000002 72.59999999991858
0.04200000000000002 69.59999999991875
0.043000000000000024 69.39999999991876
0.044000000000000025 66.49999999991893
0.045000000000000026 66.29999999991894
0.04600000000000003 63.349999999919106
0.04700000000000003 63.199999999919115
0.04800000000000003 60.29999999991928
0.04900000000000003 60.14999999991929
0.05000000000000003 59.8999999999193
0.05100000000000003 57.09999999991946
0.05200000000000003 56.94999999991947
0.05300000000000003 54.049999999919635
0.054000000000000034 53.94999999991964
0.055000000000000035 53.849999999919646
0.056000000000000036 53.54999999991966
0.05700000000000004 50.84999999991982
0.05800000000000004 50.74999999991982
0.05900000000000004 50.59999999991983
0.06000000000000004 47.79999999991999
0.06100000000000004 47.699999999919996
0.06200000000000004 47.59999999992
0.06300000000000004 47.44999999992001
0.06400000000000004 44.699999999920166
0.06500000000000004 44.59999999992017
0.06600000000000004 44.49999999992018
0.06700000000000005 44.39999999992018
0.06800000000000005 41.59999999992034
0.06900000000000005 41.549999999920345
0.07000000000000005 41.44999999992035
0.07100000000000005 41.399999999920354
0.07200000000000005 41.29999999992036
0.07300000000000005 41.09999999992037
0.07400000000000005 38.44999999992052
0.07500000000000005 38.399999999920524
0.07600000000000005 38.29999999992053
0.07700000000000005 38.24999999992053
0.07800000000000006 38.14999999992054
0.07900000000000006 37.94999999992055
0.08000000000000006 35.3499999999207
0.08100000000000006 35.2999999999207
0.08200000000000006 35.2499999999207
0.08300000000000006 35.199999999920706
0.08400000000000006 35.09999999992071
0.08500000000000006 34.99999999992072
0.08600000000000006 34.849999999920726
0.08700000000000006 32.249999999920874
0.08800000000000006 32.19999999992088
0.08900000000000007 32.14999999992088
0.09000000000000007 32.09999999992088
0.09100000000000007 32.049999999920885
0.09200000000000007 31.999999999920885
0.09300000000000007 31.949999999920884
0.09400000000000007 31.799999999920882
0.09500000000000007 29.199999999920845
0.09600000000000007 29.149999999920844
0.09700000000000007 29.099999999920843
0.09800000000000007 29.099999999920843
0.09900000000000007 29.049999999920843
0.10000000000000007 28.999999999920842
0.11000000000000007 25.9499999999208
0.12000000000000006 22.999999999920757
0.13000000000000006 22.699999999920752
0.14000000000000007 19.849999999920712
0.15000000000000008 19.59999999992071
0.1600000000000001 16.84999999992067
0.1700000000000001 16.699999999920667
0.1800000000000001 16.499999999920664
0.1900000000000001 13.849999999920627
0.20000000000000012 13.749999999920625
0.21000000000000013 13.649999999920624
0.22000000000000014 13.499999999920622
0.23000000000000015 13.149999999920617
0.24000000000000016 10.849999999920584
0.25000000000000017 10.799999999920583
0.2600000000000002 10.749999999920583
0.2700000000000002 10.649999999920581
0.2800000000000002 10.54999999992058
0.2900000000000002 10.399999999920578
0.3000000000000002 10.149999999920574
0.3100000000000002 7.9999999999205444
0.32000000000000023 7.9999999999205444
0.33000000000000024 7.949999999920545
0.34000000000000025 7.949999999920545
0.35000000000000026 7.899999999920545
0.36000000000000026 7.849999999920545
0.3700000000000003 7.849999999920545
0.3800000000000003 7.799999999920545
0.3900000000000003 7.6999999999205455
0.4000000000000003 7.649999999920546
0.4100000000000003 7.549999999920546
0.4200000000000003 7.399999999920547
0.4300000000000003 7.049999999920548
0.44000000000000034 5.249999999920554
0.45000000000000034 5.249999999920554
0.46000000000000035 5.299999999920554
0.47000000000000036 5.299999999920554
0.48000000000000037 5.299999999920554
0.4900000000000004 5.299999999920554
0.5000000000000003 5.299999999920554
0.5100000000000003 5.299999999920554
0.5200000000000004 5.299999999920554
0.5300000000000004 5.299999999920554
0.5400000000000004 5.299999999920554
0.5500000000000004 5.299999999920554
0.5600000000000004 5.299999999920554
0.5700000000000004 5.299999999920554
0.5800000000000004 5.299999999920554
0.5900000000000004 5.249999999920554
0.6000000000000004 5.249999999920554
0.6100000000000004 5.249999999920554
0.6200000000000004 5.199999999920554
0.6300000000000004 5.149999999920555
0.6400000000000005 5.099999999920555
0.6500000000000005 5.049999999920555
0.6600000000000005 4.999999999920555
0.6700000000000005 4.8999999999205555
0.6800000000000005 4.749999999920556
0.6900000000000005 4.399999999920557
0.7000000000000005 2.849999999999998
0.7100000000000005 2.8999999999999977
0.7200000000000005 2.9499999999999975
0.7300000000000005 2.9999999999999973
0.7400000000000005 3.049999999999997
0.7500000000000006 3.099999999999997
0.7600000000000006 3.149999999999997
0.7700000000000006 3.1999999999999966
0.7800000000000006 3.2499999999999964
0.7900000000000006 3.2999999999999963
0.8000000000000006 3.349999999999996
0.8100000000000006 3.399999999999996
0.8200000000000006 3.4499999999999957
0.8300000000000006 3.5499999999999954
0.8400000000000006 3.599999999999995
0.8500000000000006 3.649999999999995
0.8600000000000007 3.699999999999995
0.8700000000000007 3.7999999999999945
0.8800000000000007 3.8499999999999943
0.8900000000000007 3.899999999999994
0.9000000000000007 3.999999999999994
0.9100000000000007 4.049999999999994
0.9200000000000007 4.149999999999993
0.9300000000000007 4.199999999999993
0.9400000000000007 4.249999999999993
0.9500000000000007 4.3499999999999925
0.9600000000000007 4.399999999999992
0.9700000000000008 4.499999999999992
0.9800000000000008 4.549999999999992
0.9900000000000008 4.6499999999999915
1.0000000000000007 4.699999999999991
1.1000000000000008 5.449999999999989
1.2000000000000008 6.199999999999986
1.300000000000001 6.8999999999999835
1.400000000000001 7.549999999999981
1.500000000000001 8.249999999999982
1.6000000000000012 8.899999999999991
1.7000000000000013 9.55
1.8000000000000014 10.15000000000001
1.9000000000000015 10.800000000000018
2.0000000000000013 11.450000000000028
2.1000000000000014 12.050000000000036
2.2000000000000015 12.700000000000045
2.3000000000000016 13.300000000000054
2.4000000000000017 13.900000000000063
2.5000000000000018 14.550000000000072
2.600000000000002 15.15000000000008
2.700000000000002 15.750000000000089
2.800000000000002 16.400000000000098
2.900000000000002 17.000000000000107
3.000000000000002 17.600000000000115
3.1000000000000023 18.200000000000124
3.2000000000000024 18.850000000000133
3.3000000000000025 19.45000000000014
3.4000000000000026 20.05000000000015
3.5000000000000027 20.65000000000016
3.6000000000000028 21.250000000000167
3.700000000000003 21.850000000000176
3.800000000000003 22.500000000000185
3.900000000000003 23.100000000000193
4.000000000000003 23.700000000000202
4.100000000000002 24.30000000000021
4.200000000000002 24.90000000000022
4.300000000000002 25.500000000000227
4.400000000000001 26.100000000000236
4.500000000000001 26.700000000000244
4.6000000000000005 27.300000000000253
4.7 27.90000000000026
4.8 28.50000000000027
4.8999999999999995 29.15000000000028
4.999999999999999 29.750000000000288
5.099999999999999 30.350000000000296
5.199999999999998 30.950000000000305
5.299999999999998 31.550000000000313
5.399999999999998 32.15000000000031
5.499999999999997 32.75000000000028
5.599999999999997 33.35000000000024
5.699999999999997 33.95000000000021
5.799999999999996 34.550000000000175
5.899999999999996 35.15000000000014
5.999999999999996 35.75000000000011
6.099999999999995 36.35000000000007
6.199999999999995 36.95000000000004
6.2999999999999945 37.550000000000004
6.399999999999994 38.14999999999997
6.499999999999994 38.749999999999936
6.599999999999993 39.3499999999999
6.699999999999993 39.94999999999987
6.799999999999993 40.549999999999834
6.899999999999992 41.1499999999998
6.999999999999992 41.749999999999766
7.099999999999992 42.34999999999973
7.199999999999991 42.9499999999997
7.299999999999991 43.59999999999966
7.399999999999991 44.199999999999626
7.49999999999999 44.79999999999959
7.59999999999999 45.39999999999956
7.6999999999999895 45.999999999999524
7.799999999999989 46.59999999999949
7.899999999999989 47.199999999999456
7.9999999999999885 47.79999999999942
8.099999999999989 48.39999999999939
8.199999999999989 48.99999999999935
8.299999999999988 49.59999999999932
8.399999999999988 50.199999999999285
8.499999999999988 50.79999999999925
8.599999999999987 51.39999999999922
8.699999999999987 51.99999999999918
8.799999999999986 52.59999999999915
8.899999999999986 53.199999999999115
8.999999999999986 53.79999999999908
9.099999999999985 54.39999999999905
9.199999999999985 54.99999999999901
9.299999999999985 55.59999999999898
9.399999999999984 56.199999999998944
9.499999999999984 56.79999999999891
9.599999999999984 57.399999999998876
9.699999999999983 57.99999999999884
9.799999999999983 58.59999999999881
9.899999999999983 59.199999999998774
9.999999999999982 59.79999999999874
10.099999999999982 60.399999999998705
11.099999999999982 66.39999999999837
12.099999999999982 72.39999999999803
13.099999999999982 78.39999999999769
14.099999999999982 84.39999999999735
15.099999999999982 90.39999999999701
16.09999999999998 96.39999999999667
17.09999999999998 102.34999999999633
18.09999999999998 108.34999999999599
19.09999999999998 114.34999999999565
20.09999999999998 120.3499999999953
21.09999999999998 126.34999999999496
22.09999999999998 132.34999999999584
23.09999999999998 138.3499999999972
24.09999999999998 144.34999999999857
25.09999999999998 150.29999999999993
26.09999999999998 156.3000000000013
27.09999999999998 162.30000000000265
28.09999999999998 168.30000000000402
29.09999999999998 174.30000000000538
30.09999999999998 180.30000000000675
31.09999999999998 186.3000000000081
32.09999999999998 192.25000000000946
33.09999999999998 198.25000000001083
34.09999999999998 204.2500000000122
35.09999999999998 210.25000000001356
36.09999999999998 216.25000000001492
37.09999999999998 222.25000000001629
38.09999999999998 228.20000000001764
39.09999999999998 234.200000000019
40.09999999999998 240.20000000002037
41.09999999999998 246.20000000002173
42.09999999999998 252.2000000000231
43.09999999999998 258.20000000002443
44.09999999999998 264.2000000000258
45.09999999999998 270.15000000002715
46.09999999999998 276.1500000000285
47.09999999999998 282.1500000000299
48.09999999999998 288.15000000003124
49.09999999999998 294.1500000000326
50.09999999999998 300.15000000003397
51.09999999999998 306.1000000000353
52.09999999999998 312.1000000000367
53.09999999999998 318.10000000003805
54.09999999999998 324.1000000000394
55.09999999999998 330.1000000000408
56.09999999999998 336.10000000004214
57.09999999999998 342.0500000000435
58.09999999999998 348.05000000004486
59.09999999999998 354.0500000000462
60.09999999999998 360.0500000000476
61.09999999999998 366.05000000004895
62.09999999999998 372.0500000000503
63.09999999999998 378.00000000005167
64.09999999999998 384.00000000005303
65.09999999999998 390.0000000000544
66.09999999999998 396.00000000005576
67.09999999999998 402.0000000000571
68.09999999999998 408.0000000000585
69.09999999999998 413.95000000005984
70.09999999999998 419.9500000000612
71.09999999999998 425.9500000000626
72.09999999999998 431.95000000006394
73.09999999999998 437.9500000000653
74.09999999999998 443.95000000006667
75.09999999999998 449.900000000068
76.09999999999998 455.9000000000694
77.09999999999998 461.90000000007075
78.09999999999998 467.9000000000721
79.09999999999998 473.9000000000735
80.09999999999998 479.90000000007484
81.09999999999998 485.8500000000762
82.09999999999998 491.85000000007756
83.09999999999998 497.8500000000789
84.09999999999998 503.8500000000803
85.09999999999998 509.85000000008165
86.09999999999998 515.8500000000786
87.09999999999998 521.8000000000732
88.09999999999998 527.8000000000677
89.09999999999998 533.8000000000623
90.09999999999998 539.8000000000568
91.09999999999998 545.8000000000513
92.09999999999998 551.8000000000459
93.09999999999998 557.7500000000405
94.09999999999998 563.750000000035
95.09999999999998 569.7500000000296
96.09999999999998 575.7500000000241
97.09999999999998 581.7500000000186
98.09999999999998 587.7500000000132
99.09999999999998 593.7000000000078
